25.019280 121.539425
25.019273 121.539418
25.019272 121.539408
25.019270 121.539398
25.019275 121.539392
25.019280 121.539383
25.019282 121.539378
25.019282 121.539378
25.019287 121.539370
25.019288 121.539363
25.019290 121.539362
25.019292 121.539368
25.019293 121.539380
25.019300 121.539395
25.019302 121.539403
25.019300 121.539420
25.019297 121.539430
25.019297 121.539440
25.019295 121.539448
25.019298 121.539458
25.019298 121.539468
25.019298 121.539478
25.019302 121.539483
25.019308 121.539495
25.019312 121.539503
25.019312 121.539517
25.019312 121.539527
25.019310 121.539537
25.019307 121.539545
25.019303 121.539553
25.019300 121.539560
25.019300 121.539568
25.019298 121.539578
25.019292 121.539582
25.019288 121.539593
25.019283 121.539602
25.019275 121.539608
25.019273 121.539617
25.019277 121.539623
25.019272 121.539628
25.019268 121.539638
25.019268 121.539648
25.019265 121.539658
25.019265 121.539668
25.019262 121.539678
25.019257 121.539688
25.019255 121.539697
25.019252 121.539710
25.019252 121.539720
25.019250 121.539733
25.019255 121.539745
25.019260 121.539758
25.019265 121.539768
25.019273 121.539773
25.019272 121.539783
25.019272 121.539795
25.019272 121.539803
25.019273 121.539812
25.019273 121.539823
25.019278 121.539830
25.019280 121.539843
25.019283 121.539855
25.019283 121.539865
25.019283 121.539877
25.019278 121.539887
25.019275 121.539898
25.019273 121.539908
25.019275 121.539918
25.019277 121.539923
25.019277 121.539930
25.019278 121.539935
25.019278 121.539952
25.019277 121.539962
25.019273 121.539970
25.019270 121.539978
25.019267 121.539995
25.019265 121.540003
25.019265 121.540013
25.019265 121.540023
25.019265 121.540032
25.019265 121.540038
25.019268 121.540047
25.019267 121.540055
25.019268 121.540062
25.019268 121.540065
25.019272 121.540065
25.019270 121.540073
25.019277 121.540078
25.019273 121.540085
25.019280 121.540097
25.019282 121.540107
25.019280 121.540123
25.019287 121.540135
25.019282 121.540145
25.019280 121.540157
25.019277 121.540165
25.019277 121.540173
25.019275 121.540185
25.019275 121.540200
25.019277 121.540215
25.019280 121.540230
25.019280 121.540240
25.019278 121.540250
25.019280 121.540260
25.019282 121.540268
25.019285 121.540275
25.019288 121.540282
25.019292 121.540290
25.019290 121.540298
25.019292 121.540307
25.019295 121.540313
25.019307 121.540323
25.019310 121.540332
25.019312 121.540347
25.019313 121.540362
25.019313 121.540373
25.019315 121.540385
25.019317 121.540397
25.019322 121.540410
25.019325 121.540425
25.019330 121.540440
25.019327 121.540452
25.019323 121.540462
25.019322 121.540470
25.019317 121.540475
25.019313 121.540480
25.019312 121.540490
25.019307 121.540497
25.019305 121.540512
25.019302 121.540527
25.019300 121.540538
25.019297 121.540550
25.019288 121.540565
25.019285 121.540578
25.019283 121.540592
25.019277 121.540605
25.019268 121.540622
25.019270 121.540642
25.019270 121.540650
25.019270 121.540658
25.019270 121.540668
25.019270 121.540675
25.019270 121.540682
25.019270 121.540693
25.019270 121.540702
25.019270 121.540712
25.019270 121.540725
25.019275 121.540737
25.019277 121.540742
25.019278 121.540748
25.019282 121.540760
25.019285 121.540770
25.019290 121.540783
25.019292 121.540793
25.019292 121.540803
25.019295 121.540813
25.019300 121.540820
25.019302 121.540832
25.019307 121.540843
25.019312 121.540852
25.019323 121.540858
25.019328 121.540865
25.019328 121.540878
25.019333 121.540888
25.019333 121.540902
25.019338 121.540908
25.019342 121.540917
25.019342 121.540928
25.019342 121.540943
25.019342 121.540957
25.019342 121.540972
25.019353 121.540990
25.019355 121.541003
25.019352 121.541015
25.019350 121.541030
25.019350 121.541045
25.019350 121.541057
25.019348 121.541065
25.019345 121.541078
25.019342 121.541092
25.019343 121.541105
25.019343 121.541118
25.019345 121.541132
25.019347 121.541148
25.019347 121.541160
25.019347 121.541172
25.019347 121.541180
25.019350 121.541192
25.019355 121.541200
25.019360 121.541203
25.019360 121.541208
25.019362 121.541213
25.019363 121.541220
25.019365 121.541227
25.019372 121.541233
25.019378 121.541240
25.019382 121.541250
25.019383 121.541260
25.019385 121.541268
25.019392 121.541277
25.019398 121.541283
25.019400 121.541295
25.019402 121.541305
25.019403 121.541313
25.019408 121.541322
25.019412 121.541335
25.019417 121.541347
25.019422 121.541362
25.019413 121.541353
25.019413 121.541362
25.019413 121.541365
25.019413 121.541368
25.019413 121.541375
25.019412 121.541382
25.019412 121.541390
25.019412 121.541397
25.019410 121.541403
25.019412 121.541415
25.019412 121.541423
25.019412 121.541430
25.019410 121.541438
25.019410 121.541448
25.019407 121.541455
25.019403 121.541465
25.019400 121.541475
25.019402 121.541490
25.019402 121.541497
25.019400 121.541505
25.019400 121.541513
25.019398 121.541523
25.019397 121.541532
25.019395 121.541542
25.019392 121.541553
25.019385 121.541565
25.019380 121.541575
25.019370 121.541578
25.019362 121.541583
25.019355 121.541595
25.019352 121.541605
25.019348 121.541617
25.019343 121.541627
25.019338 121.541637
25.019333 121.541647
25.019328 121.541658
25.019322 121.541668
25.019245 121.541768
25.019235 121.541783
25.019225 121.541800
25.019217 121.541813
